# name: debug
# type: sparse matrix
# nnz: 1764
# rows: 42
# columns: 42

1 1 16420.6097
2 1 -1402.59491
3 1 1080.80901
4 1 17513.942
5 1 287468.487
6 1 -5813.39525
7 1 -12646.7704
8 1 1272.26992
9 1 -804.423506
10 1 -9169.29718
11 1 -145095.885
12 1 14343.254
13 1 -1648.93348
14 1 167.459009
15 1 -130.553865
16 1 -560.831464
17 1 -32482.9686
18 1 -1046.33211
19 1 -1104.83541
20 1 -341.758859
21 1 153.077124
22 1 2286.73222
23 1 -22716.9405
24 1 -497.266087
25 1 -303.716624
26 1 362.730451
27 1 -98.3849329
28 1 -2729.70357
29 1 -8999.68747
30 1 -114.979167
31 1 -161.933921
32 1 79.996494
33 1 -42.482702
34 1 -1081.519
35 1 -4835.4263
36 1 -659.604621
37 1 11.036614
38 1 17.834922
39 1 53.6276172
40 1 -207.374036
41 1 -2655.37134
42 1 -387.108491
1 2 -1402.59491
2 2 26263.3868
3 2 -134.537852
4 2 -390746.432
5 2 -16628.9799
6 2 -18371.9786
7 2 967.614562
8 2 -19378.8909
9 2 819.114337
10 2 178268.301
11 2 5344.52508
12 2 166.731779
13 2 93.8166418
14 2 -3466.58726
15 2 -19.1828199
16 2 43777.3435
17 2 -422.387898
18 2 5652.34408
19 2 -348.480383
20 2 -1330.88024
21 2 -59.4601324
22 2 22355.0906
23 2 -2556.60933
24 2 -1.74078288
25 2 391.676852
26 2 -951.121789
27 2 -73.7794036
28 2 13923.6765
29 2 3258.34011
30 2 -734.304281
31 2 101.822985
32 2 -401.695228
33 2 3.62388656
34 2 7361.7375
35 2 1534.90086
36 2 828.818181
37 2 25.1921623
38 2 -254.864663
39 2 -6.37895042
40 2 5217.13857
41 2 448.606111
42 2 1024.05098
1 3 1080.80901
2 3 -134.537852
3 3 1148.54463
4 3 -5041.98465
5 3 20733.5375
6 3 -894.11089
7 3 -897.673536
8 3 352.514972
9 3 -1094.54562
10 3 -1449.48386
11 3 -12511.9809
12 3 1037.39786
13 3 -130.946418
14 3 -106.656796
15 3 -42.5516672
16 3 2394.82869
17 3 -2402.04214
18 3 141.283827
19 3 7.68413749
20 3 -68.3892439
21 3 -30.0651074
22 3 1411.62596
23 3 -581.303982
24 3 -18.3503451
25 3 -45.5085969
26 3 -31.5290428
27 3 1.0002507
28 3 789.563757
29 3 -732.50099
30 3 -28.657223
31 3 -24.0891868
32 3 -3.87754446
33 3 -2.56207596
34 3 243.681531
35 3 -424.220458
36 3 -19.0827765
37 3 16.6719337
38 3 -7.25642773
39 3 11.1514272
40 3 284.582736
41 3 36.4504845
42 3 9.73628764
1 4 17513.942
2 4 -390746.432
3 4 -5041.98465
4 4 8604490.08
5 4 196221.74
6 4 423457.253
7 4 -9379.29915
8 4 235491.67
9 4 -7645.41656
10 4 -2778616.48
11 4 3215.97111
12 4 -61566.9943
13 4 -61.7620377
14 4 64176.9151
15 4 1646.67132
16 4 -1199898.13
17 4 37224.9682
18 4 -98464.2079
19 4 5505.64318
20 4 34133.1269
21 4 1753.67063
22 4 -854240.092
23 4 50517.0071
24 4 18861.6307
25 4 -8110.31631
26 4 26125.811
27 4 2044.71668
28 4 -615110.737
29 4 -75105.0054
30 4 23229.9807
31 4 -3075.80037
32 4 13624.7296
33 4 109.549818
34 4 -386728.726
35 4 -51712.7645
36 4 -21524.3541
37 4 -921.173973
38 4 9928.27054
39 4 401.141471
40 4 -333810.214
41 4 -21454.6807
42 4 -27754.6124
1 5 287468.487
2 5 -16628.9799
3 5 20733.5375
4 5 196221.74
5 5 7513336.66
6 5 258868.62
7 5 -181200.81
8 5 12633.2551
9 5 -14331.4425
10 5 -52543.5798
11 5 -2677734.63
12 5 99777.9132
13 5 -42196.9233
14 5 1287.10946
15 5 -2807.36572
16 5 11392.4642
17 5 -1107100.25
18 5 -62011.7427
19 5 -32253.0524
20 5 -5220.80431
21 5 2209.94793
22 5 39826.6413
23 5 -889677.605
24 5 -47954.7757
25 5 -13032.6048
26 5 7228.29806
27 5 -2104.4841
28 5 -51314.9147
29 5 -518003.95
30 5 -32217.9454
31 5 -7402.70386
32 5 2297.69903
33 5 -1135.03325
34 5 -26216.7864
35 5 -319875.223
36 5 -32221.6077
37 5 -2588.05762
38 5 480.77133
39 5 1421.26368
40 5 -846.663322
41 5 -261680.505
42 5 -26630.2271
1 6 -5813.39525
2 6 -18371.9786
3 6 -894.11089
4 6 423457.253
5 6 258868.62
6 6 541300.81
7 6 11187.1455
8 6 5997.34836
9 6 305.411612
10 6 -121240.782
11 6 9255.26983
12 6 -320301.085
13 6 -1850.13351
14 6 7449.16607
15 6 21.5711956
16 6 -99054.3058
17 6 -80401.0552
18 6 -82417.0316
19 6 -891.260329
20 6 1215.12663
21 6 98.9003251
22 6 -15192.7249
23 6 -55846.6793
24 6 -31528.7546
25 6 -686.736645
26 6 686.056214
27 6 35.9327454
28 6 -18900.8236
29 6 -41086.9696
30 6 -25710.936
31 6 -966.298807
32 6 1559.40942
33 6 -16.0483345
34 6 -28798.5449
35 6 -30250.7282
36 6 -15337.1822
37 6 -480.803833
38 6 1488.16643
39 6 68.3937807
40 6 -22621.7952
41 6 -24064.4227
42 6 -12160.3315
1 7 -12646.7704
2 7 967.614562
3 7 -897.673536
4 7 -9379.29915
5 7 -181200.81
6 7 11187.1455
7 7 24724.4975
8 7 -1776.17842
9 7 1349.7245
10 7 19267.619
11 7 384016.299
12 7 -17290.574
13 7 -8700.99307
14 7 296.011947
15 7 -277.856115
16 7 -3201.39644
17 7 -122813.422
18 7 6832.48319
19 7 -2145.69913
20 7 3.856547
21 7 18.9045335
22 7 152.562398
23 7 -37350.9136
24 7 564.655939
25 7 -542.03656
26 7 281.680042
27 7 -33.9518458
28 7 -1944.24926
29 7 -13645.8834
30 7 -762.960662
31 7 -257.122336
32 7 44.4737441
33 7 -57.0430042
34 7 -408.563035
35 7 -7479.26901
36 7 -1287.38901
37 7 -76.7456439
38 7 15.2194043
39 7 23.8194316
40 7 -97.9468155
41 7 -4596.80787
42 7 -419.31535
1 8 1272.26992
2 8 -19378.8909
3 8 352.514972
4 8 235491.67
5 8 12633.2551
6 8 5997.34836
7 8 -1776.17842
8 8 39140.8865
9 8 -833.730819
10 8 -489091.091
11 8 -17685.3805
12 8 -7521.6947
13 8 326.396975
14 8 -14352.246
15 8 365.704682
16 8 143638.02
17 8 2801.37823
18 8 -4106.37802
19 8 -15.5569269
20 8 -2964.65455
21 8 -101.212394
22 8 42173.6304
23 8 -240.375343
24 8 2487.32441
25 8 343.742614
26 8 -1172.40038
27 8 -72.9422922
28 8 18420.738
29 8 3017.55987
30 8 -1148.44449
31 8 83.1173664
32 8 -556.17189
33 8 -7.46166261
34 8 11079.8615
35 8 1300.41869
36 8 -60.2637744
37 8 28.3818182
38 8 -244.042374
39 8 -6.5477455
40 8 6263.34687
41 8 567.074858
42 8 775.708634
1 9 -804.423506
2 9 819.114337
3 9 -1094.54562
4 9 -7645.41656
5 9 -14331.4425
6 9 305.411612
7 9 1349.7245
8 9 -833.730819
9 9 2318.9599
10 9 -1245.54057
11 9 21263.8833
12 9 -1570.88902
13 9 -443.442009
14 9 136.557645
15 9 -814.999253
16 9 2589.98605
17 9 -5064.58149
18 9 739.63689
19 9 -59.6888798
20 9 -66.7659632
21 9 -89.2119846
22 9 1876.69939
23 9 -863.229996
24 9 90.3127941
25 9 -36.3224613
26 9 -31.5504375
27 9 -15.542575
28 9 942.371614
29 9 -512.993948
30 9 -53.4710455
31 9 -38.7809431
32 9 -6.31601273
33 9 -3.54082608
34 9 300.592348
35 9 -664.826672
36 9 -72.2524481
37 9 4.10347155
38 9 -3.78989461
39 9 4.63161563
40 9 234.434864
41 9 -67.3710329
42 9 -6.63390385
1 10 -9169.29718
2 10 178268.301
3 10 -1449.48386
4 10 -2778616.48
5 10 -52543.5798
6 10 -121240.782
7 10 19267.619
8 10 -489091.091
9 10 -1245.54057
10 10 10018844.2
11 10 198174.62
12 10 154211.05
13 10 -4649.48563
14 10 185836.665
15 10 -131.183433
16 10 -2856247.79
17 10 -36250.721
18 10 105250.626
19 10 210.796588
20 10 59495.2315
21 10 2891.10969
22 10 -1266739.43
23 10 3559.78083
24 10 -17069.0305
25 10 -6267.93328
26 10 29912.2589
27 10 2149.16162
28 10 -766348.25
29 10 -70506.9677
30 10 40527.4283
31 10 -2308.89262
32 10 18146.8234
33 10 449.893816
34 10 -551690.632
35 10 -46391.3572
36 10 15429.5826
37 10 -1007.96712
38 10 10061.8144
39 10 414.154184
40 10 -396447.439
41 10 -28503.2153
42 10 -14599.9206
1 11 -145095.885
2 11 5344.52508
3 11 -12511.9809
4 11 3215.97111
5 11 -2677734.63
6 11 9255.26983
7 11 384016.299
8 11 -17685.3805
9 11 21263.8833
10 11 198174.62
11 11 9379172.2
12 11 250214.977
13 11 -147119.057
14 11 3685.83803
15 11 -3855.3717
16 11 -38420.9926
17 11 -2897510.21
18 11 -59935.3803
19 11 -49647.0008
20 11 -273.252656
21 11 386.440438
22 11 9523.01594
23 11 -1236426.37
24 11 -50686.6935
25 11 -18881.0096
26 11 4631.2025
27 11 -461.316648
28 11 -25455.6583
29 11 -687984.596
30 11 -54428.7306
31 11 -10815.5179
32 11 1007.85119
33 11 -1436.13183
34 11 312.318231
35 11 -458980.639
36 11 -54090.377
37 11 -5870.88386
38 11 312.200161
39 11 554.290065
40 11 5553.74628
41 11 -354122.202
42 11 -28000.3301
1 12 14343.254
2 12 166.731779
3 12 1037.39786
4 12 -61566.9943
5 12 99777.9132
6 12 -320301.085
7 12 -17290.574
8 12 -7521.6947
9 12 -1570.88902
10 12 154211.05
11 12 250214.977
12 12 810403.667
13 12 5588.58012
14 12 1366.4763
15 12 485.61637
16 12 20556.2778
17 12 -106665.012
18 12 -273779.995
19 12 361.914386
20 12 4438.19821
