# name: debug
# type: sparse matrix
# nnz: 1764
# rows: 42
# columns: 42

1 1 16420.6097
2 1 -1402.59491
3 1 1080.80901
4 1 17513.942
5 1 287468.487
6 1 -5813.39525
7 1 -12646.7704
8 1 1272.26992
9 1 -804.423506
10 1 -9169.29718
11 1 -145095.885
12 1 14343.254
13 1 -1648.93348
14 1 167.459009
15 1 -130.553865
16 1 -560.831464
17 1 -32482.9686
18 1 -1046.33211
19 1 -1104.83541
20 1 -341.758859
21 1 153.077124
22 1 2286.73222
23 1 -22716.9405
24 1 -497.266087
25 1 -303.716624
26 1 362.730451
27 1 -98.3849329
28 1 -2729.70357
29 1 -8999.68747
30 1 -114.979167
31 1 -161.933921
32 1 79.996494
33 1 -42.482702
34 1 -1081.519
35 1 -4835.4263
36 1 -659.604621
37 1 11.036614
38 1 17.834922
39 1 53.6276172
40 1 -207.374036
41 1 -2655.37134
42 1 -387.108491
1 2 -1402.59491
2 2 26263.3868
3 2 -134.537852
4 2 -390746.432
5 2 -16628.9799
6 2 -18371.9786
7 2 967.614562
8 2 -19378.8909
9 2 819.114337
10 2 178268.301
11 2 5344.52508
12 2 166.731779
13 2 93.8166418
14 2 -3466.58726
15 2 -19.1828199
16 2 43777.3435
17 2 -422.387898
18 2 5652.34408
19 2 -348.480383
20 2 -1330.88024
21 2 -59.4601324
22 2 22355.0906
23 2 -2556.60933
24 2 -1.74078288
25 2 391.676852
26 2 -951.121789
27 2 -73.7794036
28 2 13923.6765
29 2 3258.34011
30 2 -734.304281
31 2 101.822985
32 2 -401.695228
33 2 3.62388656
34 2 7361.7375
35 2 1534.90086
36 2 828.818181
37 2 25.1921623
38 2 -254.864663
39 2 -6.37895042
40 2 5217.13857
41 2 448.606111
42 2 1024.05098
1 3 1080.80901
2 3 -134.537852
3 3 1148.54463
4 3 -5041.98465
5 3 20733.5375
6 3 -894.11089
7 3 -897.673536
8 3 352.514972
9 3 -1094.54562
10 3 -1449.48386
11 3 -12511.9809
12 3 1037.39786
13 3 -130.946418
14 3 -106.656796
15 3 -42.5516672
16 3 2394.82869
17 3 -2402.04214
18 3 141.283827
19 3 7.68413749
20 3 -68.3892439
21 3 -30.0651074
22 3 1411.62596
23 3 -581.303982
24 3 -18.3503451
25 3 -45.5085969
26 3 -31.5290428
27 3 1.0002507
28 3 789.563757
29 3 -732.50099
30 3 -28.657223
31 3 -24.0891868
32 3 -3.87754446
33 3 -2.56207596
34 3 243.681531
35 3 -424.220458
36 3 -19.0827765
37 3 16.6719337
38 3 -7.25642773
39 3 11.1514272
40 3 284.582736
41 3 36.4504845
42 3 9.73628764
1 4 17513.942
2 4 -390746.432
3 4 -5041.98465
4 4 8604490.08
5 4 196221.74
6 4 423457.253
7 4 -9379.29915
8 4 235491.67
9 4 -7645.41656
10 4 -2778616.48
11 4 3215.97111
12 4 -61566.9943
13 4 -61.7620377
14 4 64176.9151
15 4 1646.67132
16 4 -1199898.13
17 4 37224.9682
18 4 -98464.2079
19 4 5505.64318
20 4 34133.1269
21 4 1753.67063
22 4 -854240.092
23 4 50517.0071
24 4 18861.6307
25 4 -8110.31631
26 4 26125.811
27 4 2044.71668
28 4 -615110.737
29 4 -75105.0054
30 4 23229.9807
31 4 -3075.80037
32 4 13624.7296
33 4 109.549818
34 4 -386728.726
35 4 -51712.7645
36 4 -21524.3541
37 4 -921.173973
38 4 9928.27054
39 4 401.141471
40 4 -333810.214
41 4 -21454.6807
42 4 -27754.6124
1 5 287468.487
2 5 -16628.9799
3 5 20733.5375
4 5 196221.74
5 5 7513336.66
6 5 258868.62
7 5 -181200.81
8 5 12633.2551
9 5 -14331.4425
10 5 -52543.5798
11 5 -2677734.63
12 5 99777.9132
13 5 -42196.9233
14 5 1287.10946
15 5 -2807.36572
16 5 11392.4642
17 5 -1107100.25
18 5 -62011.7427
19 5 -32253.0524
20 5 -5220.80431
21 5 2209.94793
22 5 39826.6413
23 5 -889677.605
24 5 -47954.7757
25 5 -13032.6048
26 5 7228.29806
27 5 -2104.4841
28 5 -51314.9147
29 5 -518003.95
30 5 -32217.9454
31 5 -7402.70386
32 5 2297.69903
33 5 -1135.03325
34 5 -26216.7864
35 5 -319875.223
36 5 -32221.6077
37 5 -2588.05762
38 5 480.77133
39 5 1421.26368
40 5 -846.663322
41 5 -261680.505
42 5 -26630.2271
1 6 -5813.39525
2 6 -18371.9786
3 6 -894.11089
4 6 423457.253
5 6 258868.62
6 6 541300.81
7 6 11187.1455
8 6 5997.34836
9 6 305.411612
10 6 -121240.782
11 6 9255.26983
12 6 -320301.085
13 6 -1850.13351
14 6 7449.16607
15 6 21.5711956
16 6 -99054.3058
17 6 -80401.0552
18 6 -82417.0316
19 6 -891.260329
20 6 1215.12663
21 6 98.9003251
22 6 -15192.7249
23 6 -55846.6793
24 6 -31528.7546
25 6 -686.736645
26 6 686.056214
27 6 35.9327454
28 6 -18900.8236
29 6 -41086.9696
30 6 -25710.936
31 6 -966.298807
32 6 1559.40942
33 6 -16.0483345
34 6 -28798.5449
35 6 -30250.7282
36 6 -15337.1822
37 6 -480.803833
38 6 1488.16643
39 6 68.3937807
40 6 -22621.7952
41 6 -24064.4227
42 6 -12160.3315
1 7 -12646.7704
2 7 967.614562
3 7 -897.673536
4 7 -9379.29915
5 7 -181200.81
6 7 11187.1455
7 7 24724.4975
8 7 -1776.17842
9 7 1349.7245
10 7 19267.619
11 7 384016.299
12 7 -17290.574
13 7 -8700.99307
14 7 296.011947
15 7 -277.856115
16 7 -3201.39644
17 7 -122813.422
18 7 6832.48319
19 7 -2145.69913
20 7 3.856547
21 7 18.9045335
22 7 152.562398
23 7 -37350.9136
24 7 564.655939
25 7 -542.03656
26 7 281.680042
27 7 -33.9518458
28 7 -1944.24926
29 7 -13645.8834
30 7 -762.960662
31 7 -257.122336
32 7 44.4737441
33 7 -57.0430042
34 7 -408.563035
35 7 -7479.26901
36 7 -1287.38901
37 7 -76.7456439
38 7 15.2194043
39 7 23.8194316
40 7 -97.9468155
41 7 -4596.80787
42 7 -419.31535
1 8 1272.26992
2 8 -19378.8909
3 8 352.514972
4 8 235491.67
5 8 12633.2551
6 8 5997.34836
7 8 -1776.17842
8 8 39140.8865
9 8 -833.730819
10 8 -489091.091
11 8 -17685.3805
12 8 -7521.6947
13 8 326.396975
14 8 -14352.246
15 8 365.704682
16 8 143638.02
17 8 2801.37823
18 8 -4106.37802
19 8 -15.5569269
20 8 -2964.65455
21 8 -101.212394
22 8 42173.6304
23 8 -240.375343
24 8 2487.32441
25 8 343.742614
26 8 -1172.40038
27 8 -72.9422922
28 8 18420.738
29 8 3017.55987
30 8 -1148.44449
31 8 83.1173664
32 8 -556.17189
33 8 -7.46166261
34 8 11079.8615
35 8 1300.41869
36 8 -60.2637744
37 8 28.3818182
38 8 -244.042374
39 8 -6.5477455
40 8 6263.34687
41 8 567.074858
42 8 775.708634
1 9 -804.423506
2 9 819.114337
3 9 -1094.54562
4 9 -7645.41656
5 9 -14331.4425
6 9 305.411612
7 9 1349.7245
8 9 -833.730819
9 9 2318.9599
10 9 -1245.54057
11 9 21263.8833
12 9 -1570.88902
13 9 -443.442009
14 9 136.557645
15 9 -814.999253
16 9 2589.98605
17 9 -5064.58149
18 9 739.63689
19 9 -59.6888798
20 9 -66.7659632
21 9 -89.2119846
22 9 1876.69939
23 9 -863.229996
24 9 90.3127941
25 9 -36.3224613
26 9 -31.5504375
27 9 -15.542575
28 9 942.371614
29 9 -512.993948
30 9 -53.4710455
31 9 -38.7809431
32 9 -6.31601273
33 9 -3.54082608
34 9 300.592348
35 9 -664.826672
36 9 -72.2524481
37 9 4.10347155
38 9 -3.78989461
39 9 4.63161563
40 9 234.434864
41 9 -67.3710329
42 9 -6.63390385
1 10 -9169.29718
2 10 178268.301
3 10 -1449.48386
4 10 -2778616.48
5 10 -52543.5798
6 10 -121240.782
7 10 19267.619
8 10 -489091.091
9 10 -1245.54057
10 10 10018844.2
11 10 198174.62
12 10 154211.05
13 10 -4649.48563
14 10 185836.665
15 10 -131.183433
16 10 -2856247.79
17 10 -36250.721
18 10 105250.626
19 10 210.796588
20 10 59495.2315
21 10 2891.10969
22 10 -1266739.43
23 10 3559.78083
24 10 -17069.0305
25 10 -6267.93328
26 10 29912.2589
27 10 2149.16162
28 10 -766348.25
29 10 -70506.9677
30 10 40527.4283
31 10 -2308.89262
32 10 18146.8234
33 10 449.893816
34 10 -551690.632
35 10 -46391.3572
36 10 15429.5826
37 10 -1007.96712
38 10 10061.8144
39 10 414.154184
40 10 -396447.439
41 10 -28503.2153
42 10 -14599.9206
1 11 -145095.885
2 11 5344.52508
3 11 -12511.9809
4 11 3215.97111
5 11 -2677734.63
6 11 9255.26983
7 11 384016.299
8 11 -17685.3805
9 11 21263.8833
10 11 198174.62
11 11 9379172.2
12 11 250214.977
13 11 -147119.057
14 11 3685.83803
15 11 -3855.3717
16 11 -38420.9926
17 11 -2897510.21
18 11 -59935.3803
19 11 -49647.0008
20 11 -273.252656
21 11 386.440438
22 11 9523.01594
23 11 -1236426.37
24 11 -50686.6935
25 11 -18881.0096
26 11 4631.2025
27 11 -461.316648
28 11 -25455.6583
29 11 -687984.596
30 11 -54428.7306
31 11 -10815.5179
32 11 1007.85119
33 11 -1436.13183
34 11 312.318231
35 11 -458980.639
36 11 -54090.377
37 11 -5870.88386
38 11 312.200161
39 11 554.290065
40 11 5553.74628
41 11 -354122.202
42 11 -28000.3301
1 12 14343.254
2 12 166.731779
3 12 1037.39786
4 12 -61566.9943
5 12 99777.9132
6 12 -320301.085
7 12 -17290.574
8 12 -7521.6947
9 12 -1570.88902
10 12 154211.05
11 12 250214.977
12 12 810403.667
13 12 5588.58012
14 12 1366.4763
15 12 485.61637
16 12 20556.2778
17 12 -106665.012
18 12 -273779.995
19 12 361.914386
20 12 4438.19821
21 12 207.079128
22 12 -45102.598
23 12 -53688.8972
24 12 -85329.5025
25 12 -918.504711
26 12 91.9786455
27 12 45.1476233
28 12 -3635.61518
29 12 -46494.8443
30 12 -36136.6334
31 12 -1375.07243
32 12 681.88095
33 12 -11.631028
34 12 -8477.65845
35 12 -39029.6214
36 12 -27112.4976
37 12 -471.608501
38 12 1110.17323
39 12 30.7805422
40 12 -14784.4682
41 12 -21670.3269
42 12 -11272.0243
1 13 -1648.93348
2 13 93.8166418
3 13 -130.946418
4 13 -61.7620377
5 13 -42196.9233
6 13 -1850.13351
7 13 -8700.99307
8 13 326.396975
9 13 -443.442009
10 13 -4649.48563
11 13 -147119.057
12 13 5588.58012
13 13 21769.9429
14 13 -2515.11175
15 13 201.738683
16 13 33655.7184
17 13 386199.879
18 13 -13542.9035
19 13 -8933.33117
20 13 1094.50472
21 13 262.798075
22 13 -3568.48194
23 13 -123598.978
24 13 5274.3444
25 13 -1429.3285
26 13 730.954779
27 13 -108.779753
28 13 -4249.5946
29 13 -29171.2549
30 13 -320.493847
31 13 -805.221219
32 13 11.7614703
33 13 -30.3109566
34 13 71.4408957
35 13 -17163.7409
36 13 -1799.40406
37 13 54.0638148
38 13 116.32355
39 13 -44.6468206
40 13 -1019.99544
41 13 -4585.52554
42 13 -1325.37294
1 14 167.459009
2 14 -3466.58726
3 14 -106.656796
4 14 64176.9151
5 14 1287.10946
6 14 7449.16607
7 14 296.011947
8 14 -14352.246
9 14 136.557645
10 14 185836.665
11 14 3685.83803
12 14 1366.4763
13 14 -2515.11175
14 14 38531.2163
15 14 -164.462299
16 14 -511703.154
17 14 -36789.9162
18 14 15740.7018
19 14 1250.9188
20 14 -14459.4232
21 14 382.759451
22 14 135657.725
23 14 4972.33676
24 14 -12802.7379
25 14 882.903851
26 14 -3924.4632
27 14 -144.287604
28 14 45965.4395
29 14 6552.2878
30 14 -6635.04228
31 14 94.5213231
32 14 -1046.10089
33 14 -62.03532
34 14 18739.3672
35 14 1555.22318
36 14 -268.805609
37 14 163.015502
38 14 -892.67415
39 14 13.9468427
40 14 13483.4141
41 14 1997.13928
42 14 775.596862
1 15 -130.553865
2 15 -19.1828199
3 15 -42.5516672
4 15 1646.67132
5 15 -2807.36572
6 15 21.5711956
7 15 -277.856115
8 15 365.704682
9 15 -814.999253
10 15 -131.183433
11 15 -3855.3717
12 15 485.61637
13 15 201.738683
14 15 -164.462299
15 15 1610.92692
16 15 3340.69015
17 15 16038.8237
18 15 -5806.28198
19 15 -5.13427931
20 15 424.752607
21 15 -786.556726
22 15 -336.366422
23 15 -509.398514
24 15 442.540244
25 15 -101.591843
26 15 -43.6679119
27 15 -82.7045678
28 15 1444.68478
29 15 -1192.57798
30 15 -28.4734654
31 15 -45.2946224
32 15 -33.5110819
33 15 -62.5687196
34 15 861.810772
35 15 -466.842638
36 15 -66.9223522
37 15 -12.8302996
38 15 7.49101404
39 15 48.8385848
40 15 220.975943
41 15 -233.188668
42 15 -50.2239402
1 16 -560.831464
2 16 43777.3435
3 16 2394.82869
4 16 -1199898.13
5 16 11392.4642
6 16 -99054.3058
7 16 -3201.39644
8 16 143638.02
9 16 2589.98605
10 16 -2856247.79
11 16 -38420.9926
12 16 20556.2778
13 16 33655.7184
14 16 -511703.154
15 16 3340.69015
16 16 10706501.1
17 16 141886.11
18 16 39445.3209
19 16 -9068.82875
20 16 177928.91
21 16 -711.78891
22 16 -2622717.4
23 16 -55945.9435
24 16 145531.737
25 16 -12477.1539
26 16 72900.1518
27 16 3547.13293
28 16 -1301902.18
29 16 -114633.603
30 16 118063.602
31 16 -2450.48508
32 16 28912.5783
33 16 1935.72841
34 16 -763207.054
35 16 -56001.9274
36 16 25112.0753
37 16 -3990.65494
38 16 24856.8262
39 16 141.090216
40 16 -605064.405
41 16 -63702.3019
42 16 -12349.0509
1 17 -32482.9686
2 17 -422.387898
3 17 -2402.04214
4 17 37224.9682
5 17 -1107100.25
6 17 -80401.0552
7 17 -122813.422
8 17 2801.37823
9 17 -5064.58149
10 17 -36250.721
11 17 -2897510.21
12 17 -106665.012
13 17 386199.879
14 17 -36789.9162
15 17 16038.8237
16 17 141886.11
17 17 9904071.44
18 17 456878.618
19 17 -147973.25
20 17 6653.30111
21 17 3498.56683
22 17 -25407.3419
23 17 -2801005.4
24 17 -59964.6885
25 17 -38622.6187
26 17 9213.94831
27 17 -1500.7273
28 17 -41636.0402
29 17 -1092775.74
30 17 -62467.0803
31 17 -24545.8333
32 17 74.4353767
33 17 -446.517683
34 17 12970.9484
35 17 -740847.987
36 17 -69125.6042
37 17 -4590.88347
38 17 2482.81112
39 17 -943.790854
40 17 -12823.7655
41 17 -411493.148
42 17 -55745.1422
1 18 -1046.33211
2 18 5652.34408
3 18 141.283827
4 18 -98464.2079
5 18 -62011.7427
6 18 -82417.0316
7 18 6832.48319
8 18 -4106.37802
9 18 739.63689
10 18 105250.626
11 18 -59935.3803
12 18 -273779.995
13 18 -13542.9035
14 18 15740.7018
15 18 -5806.28198
16 18 39445.3209
17 18 456878.618
18 18 715754.564
19 18 6085.68053
20 18 -7240.30158
21 18 111.555724
22 18 41472.6836
23 18 -49936.9236
24 18 -223574.093
25 18 -309.58865
26 18 -3991.61357
27 18 21.6009937
28 18 28816.6407
29 18 -50191.436
30 18 -93708.7987
31 18 -1725.39865
32 18 603.188403
33 18 58.3013057
34 18 446.47267
35 18 -47435.5052
36 18 -41125.365
37 18 -1422.31758
38 18 1408.87457
39 18 -51.09785
40 18 -14058.0694
41 18 -36065.1796
42 18 -33912.1468
1 19 -1104.83541
2 19 -348.480383
3 19 7.68413749
4 19 5505.64318
5 19 -32253.0524
6 19 -891.260329
7 19 -2145.69913
8 19 -15.5569269
9 19 -59.6888798
10 19 210.796588
11 19 -49647.0008
12 19 361.914386
13 19 -8933.33117
14 19 1250.9188
15 19 -5.13427931
16 19 -9068.82875
17 19 -147973.25
18 19 6085.68053
19 19 21765.7471
20 19 -1623.60303
21 19 -235.438039
22 19 10087.5204
23 19 370290.519
24 19 -4701.63368
25 19 -7691.40731
26 19 -49.5091954
27 19 560.619609
28 19 2674.16981
29 19 -104429.905
30 19 2547.97681
31 19 -1514.75253
32 19 612.122659
33 19 -575.546682
34 19 -2514.28253
35 19 -29340.2832
36 19 -1838.50414
37 19 -87.2825284
38 19 -49.9101285
39 19 123.450896
40 19 831.024079
41 19 -7703.08215
42 19 -386.60008
1 20 -341.758859
2 20 -1330.88024
3 20 -68.3892439
4 20 34133.1269
5 20 -5220.80431
6 20 1215.12663
7 20 3.856547
8 20 -2964.65455
9 20 -66.7659632
10 20 59495.2315
11 20 -273.252656
12 20 4438.19821
13 20 1094.50472
14 20 -14459.4232
15 20 424.752607
16 20 177928.91
17 20 6653.30111
18 20 -7240.30158
19 20 -1623.60303
20 20 36781.1542
21 20 -96.4652868
22 20 -486633.13
23 20 -9630.98998
24 20 7939.39547
25 20 454.228301
26 20 -11806.2815
27 20 29.1760194
28 20 123361.643
29 20 3149.38329
30 20 -8413.48114
31 20 854.495745
32 20 -4095.70723
33 20 -78.8435071
34 20 42655.7185
35 20 5763.86685
36 20 -2324.571
37 20 14.2257187
38 20 -1790.15543
39 20 -27.2450901
40 20 22409.676
41 20 148.762932
42 20 5579.57998
1 21 153.077124
2 21 -59.4601324
3 21 -30.0651074
4 21 1753.67063
5 21 2209.94793
6 21 98.9003251
7 21 18.9045335
8 21 -101.212394
9 21 -89.2119846
10 21 2891.10969
11 21 386.440438
12 21 207.079128
13 21 262.798075
14 21 382.759451
15 21 -786.556726
16 21 -711.78891
17 21 3498.56683
18 21 111.555724
19 21 -235.438039
20 21 -96.4652868
21 21 1984.69307
22 21 -9360.64917
23 21 2218.22992
24 21 -465.655565
25 21 69.1364737
26 21 -55.3862756
27 21 -924.371324
28 21 2816.49002
29 21 -1589.41502
30 21 115.970545
31 21 -290.687524
32 21 -54.3412812
33 21 -96.3018481
34 21 1136.25732
35 21 -3202.79496
36 21 -94.8652699
37 21 43.4696065
38 21 -25.3222273
39 21 68.2726494
40 21 590.960096
41 21 299.820632
42 21 88.8244634
1 22 2286.73222
2 22 22355.0906
3 22 1411.62596
4 22 -854240.092
5 22 39826.6413
6 22 -15192.7249
7 22 152.562398
8 22 42173.6304
9 22 1876.69939
10 22 -1266739.43
11 22 9523.01594
12 22 -45102.598
13 22 -3568.48194
14 22 135657.725
15 22 -336.366422
16 22 -2622717.4
17 22 -25407.3419
18 22 41472.6836
19 22 10087.5204
20 22 -486633.13
21 22 -9360.64917
22 22 10190782.2
23 22 118354.753
24 22 -56911.5191
25 22 -5296.65833
26 22 169319.222
27 22 2410.52073
28 22 -2394593.81
29 22 -80859.9958
30 22 106810.323
31 22 -11356.2414
32 22 70747.1576
33 22 1632.24169
34 22 -1175557.46
35 22 -108468.334
36 22 39582.6457
37 22 -398.848196
38 22 39993.7943
39 22 919.569153
40 22 -807466.235
41 22 -21040.9388
42 22 -100203.24
1 23 -22716.9405
2 23 -2556.60933
3 23 -581.303982
4 23 50517.0071
5 23 -889677.605
6 23 -55846.6793
7 23 -37350.9136
8 23 -240.375343
9 23 -863.229996
10 23 3559.78083
11 23 -1236426.37
12 23 -53688.8972
13 23 -123598.978
14 23 4972.33676
15 23 -509.398514
16 23 -55945.9435
17 23 -2801005.4
18 23 -49936.9236
19 23 370290.519
20 23 -9630.98998
21 23 2218.22992
22 23 118354.753
23 23 9320742.97
24 23 338968.101
25 23 -131397.572
26 23 -2668.0899
27 23 3803.21103
28 23 43447.491
29 23 -2369837.55
30 23 -33988.8971
31 23 -39597.8506
32 23 6680.80327
33 23 -8621.75548
34 23 -13149.5909
35 23 -1010671.52
36 23 -67088.1071
37 23 -9171.32392
38 23 -1453.4793
39 23 1930.51328
40 23 30982.7657
41 23 -536194.078
42 23 -30173.8258
1 24 -497.266087
2 24 -1.74078288
3 24 -18.3503451
4 24 18861.6307
5 24 -47954.7757
6 24 -31528.7546
7 24 564.655939
8 24 2487.32441
9 24 90.3127941
10 24 -17069.0305
11 24 -50686.6935
12 24 -85329.5025
13 24 5274.3444
14 24 -12802.7379
15 24 442.540244
16 24 145531.737
17 24 -59964.6885
18 24 -223574.093
19 24 -4701.63368
20 24 7939.39547
21 24 -465.655565
22 24 -56911.5191
23 24 338968.101
24 24 818212.248
25 24 2401.87529
26 24 -3595.99431
27 24 147.400711
28 24 14555.0145
29 24 -46284.445
30 24 -281282.587
31 24 -2439.13852
32 24 -342.319045
33 24 -151.433596
34 24 1465.75012
35 24 -62660.3524
36 24 -102098.877
37 24 -556.422729
38 24 6165.09416
39 24 139.829722
40 24 -50287.5246
41 24 -28027.4128
42 24 -51023.3639
1 25 -303.716624
2 25 391.676852
3 25 -45.5085969
4 25 -8110.31631
5 25 -13032.6048
6 25 -686.736645
7 25 -542.03656
8 25 343.742614
9 25 -36.3224613
10 25 -6267.93328
11 25 -18881.0096
12 25 -918.504711
13 25 -1429.3285
14 25 882.903851
15 25 -101.591843
16 25 -12477.1539
17 25 -38622.6187
18 25 -309.58865
19 25 -7691.40731
20 25 454.228301
21 25 69.1364737
22 25 -5296.65833
23 25 -131397.572
24 25 2401.87529
25 25 24550.8322
26 25 -1798.04081
27 25 591.240315
28 25 6633.42748
29 25 404374.16
30 25 400.67386
31 25 -12886.3528
32 25 -219.936962
33 25 -338.449716
34 25 7442.41312
35 25 -166530.991
36 25 2483.77398
37 25 -1288.89899
38 25 -59.3487673
39 25 -538.156318
40 25 1048.48075
41 25 -32265.9365
42 25 -2831.36608
1 26 362.730451
2 26 -951.121789
3 26 -31.5290428
4 26 26125.811
5 26 7228.29806
6 26 686.056214
7 26 281.680042
8 26 -1172.40038
9 26 -31.5504375
10 26 29912.2589
11 26 4631.2025
12 26 91.9786455
13 26 730.954779
14 26 -3924.4632
15 26 -43.6679119
16 26 72900.1518
17 26 9213.94831
18 26 -3991.61357
19 26 -49.5091954
20 26 -11806.2815
21 26 -55.3862756
22 26 169319.222
23 26 -2668.0899
24 26 -3595.99431
25 26 -1798.04081
26 26 46958.3103
27 26 701.824538
28 26 -576695.241
29 26 -5973.60909
30 26 264.946906
31 26 400.685303
32 26 -23583.2168
33 26 -141.953845
34 26 209094.562
35 26 -1946.87649
36 26 10180.8682
37 26 71.4489854
38 26 -5257.00442
39 26 -96.5861102
40 26 60341.3387
41 26 948.226105
42 26 760.736074
1 27 -98.3849329
2 27 -73.7794036
3 27 1.0002507
4 27 2044.71668
5 27 -2104.4841
6 27 35.9327454
7 27 -33.9518458
8 27 -72.9422922
9 27 -15.542575
10 27 2149.16162
11 27 -461.316648
12 27 45.1476233
13 27 -108.779753
14 27 -144.287604
15 27 -82.7045678
16 27 3547.13293
17 27 -1500.7273
18 27 21.6009937
19 27 560.619609
20 27 29.1760194
21 27 -924.371324
22 27 2410.52073
23 27 3803.21103
24 27 147.400711
25 27 591.240315
26 27 701.824538
27 27 3113.76091
28 27 -20942.3706
29 27 10279.4197
30 27 -730.634744
31 27 -579.209774
32 27 -355.780947
33 27 -1996.42399
34 27 9322.25008
35 27 -4085.21564
36 27 910.555206
37 27 -283.725328
38 27 -116.573075
39 27 -35.5104005
40 27 2212.5026
41 27 -2676.82151
42 27 -45.000765
1 28 -2729.70357
2 28 13923.6765
3 28 789.563757
4 28 -615110.737
5 28 -51314.9147
6 28 -18900.8236
7 28 -1944.24926
8 28 18420.738
9 28 942.371614
10 28 -766348.25
11 28 -25455.6583
12 28 -3635.61518
13 28 -4249.5946
14 28 45965.4395
15 28 1444.68478
16 28 -1301902.18
17 28 -41636.0402
18 28 28816.6407
19 28 2674.16981
20 28 123361.643
21 28 2816.49002
22 28 -2394593.81
23 28 43447.491
24 28 14555.0145
25 28 6633.42748
26 28 -576695.241
27 28 -20942.3706
28 28 11063594.2
29 28 -12070.5592
30 28 107599.389
31 28 79.6797385
32 28 278339.279
33 28 8945.91914
34 28 -3552332.82
35 28 -34470.0146
36 28 -67807.2691
37 28 -1314.01076
38 28 91376.7379
39 28 2716.60412
40 28 -1608455.37
41 28 -35792.2868
42 28 -20102.9638
1 29 -8999.68747
2 29 3258.34011
3 29 -732.50099
4 29 -75105.0054
5 29 -518003.95
6 29 -41086.9696
7 29 -13645.8834
8 29 3017.55987
9 29 -512.993948
10 29 -70506.9677
11 29 -687984.596
12 29 -46494.8443
13 29 -29171.2549
14 29 6552.2878
15 29 -1192.57798
16 29 -114633.603
17 29 -1092775.74
18 29 -50191.436
19 29 -104429.905
20 29 3149.38329
21 29 -1589.41502
22 29 -80859.9958
23 29 -2369837.55
24 29 -46284.445
25 29 404374.16
26 29 -5973.60909
27 29 10279.4197
28 29 -12070.5592
29 29 10260950.2
30 29 495680.158
31 29 -200685.278
32 29 -9101.5717
33 29 -4508.7742
34 29 83035.7104
35 29 -3473024.38
36 29 -116145.388
37 29 -40019.9915
38 29 -1232.45252
39 29 -7939.99445
40 29 20727.3765
41 29 -1251181.53
42 29 -92271.9543
1 30 -114.979167
2 30 -734.304281
3 30 -28.657223
4 30 23229.9807
5 30 -32217.9454
6 30 -25710.936
7 30 -762.960662
8 30 -1148.44449
9 30 -53.4710455
10 30 40527.4283
11 30 -54428.7306
12 30 -36136.6334
13 30 -320.493847
14 30 -6635.04228
15 30 -28.4734654
16 30 118063.602
17 30 -62467.0803
18 30 -93708.7987
19 30 2547.97681
20 30 -8413.48114
21 30 115.970545
22 30 106810.323
23 30 -33988.8971
24 30 -281282.587
25 30 400.67386
26 30 264.946906
27 30 -730.634744
28 30 107599.389
29 30 495680.158
30 30 1302558.53
31 30 907.613448
32 30 15947.9153
33 30 885.976477
34 30 -81178.7349
35 30 -151134.677
36 30 -555463.486
37 30 -3116.03542
38 30 894.619692
39 30 -210.045036
40 30 -5230.10037
41 30 -81492.3556
42 30 -144932.329
1 31 -161.933921
2 31 101.822985
3 31 -24.0891868
4 31 -3075.80037
5 31 -7402.70386
6 31 -966.298807
7 31 -257.122336
8 31 83.1173664
9 31 -38.7809431
10 31 -2308.89262
11 31 -10815.5179
12 31 -1375.07243
13 31 -805.221219
14 31 94.5213231
15 31 -45.2946224
16 31 -2450.48508
17 31 -24545.8333
18 31 -1725.39865
19 31 -1514.75253
20 31 854.495745
21 31 -290.687524
22 31 -11356.2414
23 31 -39597.8506
24 31 -2439.13852
25 31 -12886.3528
26 31 400.685303
27 31 -579.209774
28 31 79.6797385
29 31 -200685.278
30 31 907.613448
31 31 25236.3384
32 31 -1386.82567
33 31 2011.52789
34 31 5363.12914
35 31 392811.958
36 31 10182.5528
37 31 -9294.00817
38 31 217.767256
39 31 -1176.64545
40 31 -1330.72861
41 31 -137610.605
42 31 -7003.15547
1 32 79.996494
2 32 -401.695228
3 32 -3.87754446
4 32 13624.7296
5 32 2297.69903
6 32 1559.40942
7 32 44.4737441
8 32 -556.17189
9 32 -6.31601273
10 32 18146.8234
11 32 1007.85119
12 32 681.88095
13 32 11.7614703
14 32 -1046.10089
15 32 -33.5110819
16 32 28912.5783
17 32 74.4353767
18 32 603.188403
19 32 612.122659
20 32 -4095.70723
21 32 -54.3412812
22 32 70747.1576
23 32 6680.80327
24 32 -342.319045
25 32 -219.936962
26 32 -23583.2168
27 32 -355.780947
28 32 278339.279
29 32 -9101.5717
30 32 15947.9153
31 32 -1386.82567
32 32 46426.5838
33 32 651.154727
34 32 -513890.364
35 32 -4782.61739
36 32 -23414.4466
37 32 213.614495
38 32 -16442.9998
39 32 -429.051252
40 32 170161.262
41 32 1481.35622
42 32 14598.5565
1 33 -42.482702
2 33 3.62388656
3 33 -2.56207596
4 33 109.549818
5 33 -1135.03325
6 33 -16.0483345
7 33 -57.0430042
8 33 -7.46166261
9 33 -3.54082608
10 33 449.893816
11 33 -1436.13183
12 33 -11.631028
13 33 -30.3109566
14 33 -62.03532
15 33 -62.5687196
16 33 1935.72841
17 33 -446.517683
18 33 58.3013057
19 33 -575.546682
20 33 -78.8435071
21 33 -96.3018481
22 33 1632.24169
23 33 -8621.75548
24 33 -151.433596
25 33 -338.449716
26 33 -141.953845
27 33 -1996.42399
28 33 8945.91914
29 33 -4508.7742
30 33 885.976477
31 33 2011.52789
32 33 651.154727
33 33 4056.98135
34 33 -18214.1773
35 33 23521.2206
36 33 -587.994394
37 33 -958.709104
38 33 -299.579315
39 33 -1630.83922
40 33 5177.47667
41 33 -12116.141
42 33 -185.408417
1 34 -1081.519
2 34 7361.7375
3 34 243.681531
4 34 -386728.726
5 34 -26216.7864
6 34 -28798.5449
7 34 -408.563035
8 34 11079.8615
9 34 300.592348
10 34 -551690.632
11 34 312.318231
12 34 -8477.65845
13 34 71.4408957
14 34 18739.3672
15 34 861.810772
16 34 -763207.054
17 34 12970.9484
18 34 446.47267
19 34 -2514.28253
20 34 42655.7185
21 34 1136.25732
22 34 -1175557.46
23 34 -13149.5909
24 34 1465.75012
25 34 7442.41312
26 34 209094.562
27 34 9322.25008
28 34 -3552332.82
29 34 83035.7104
30 34 -81178.7349
31 34 5363.12914
32 34 -513890.364
33 34 -18214.1773
34 34 9445494.69
35 34 117715.022
36 34 137849.156
37 34 -2119.77754
38 34 218760.546
39 34 7739.32991
40 34 -3322931.17
41 34 -33857.7469
42 34 -190539.234
1 35 -4835.4263
2 35 1534.90086
3 35 -424.220458
4 35 -51712.7645
5 35 -319875.223
6 35 -30250.7282
7 35 -7479.26901
8 35 1300.41869
9 35 -664.826672
10 35 -46391.3572
11 35 -458980.639
12 35 -39029.6214
13 35 -17163.7409
14 35 1555.22318
15 35 -466.842638
16 35 -56001.9274
17 35 -740847.987
18 35 -47435.5052
19 35 -29340.2832
20 35 5763.86685
21 35 -3202.79496
22 35 -108468.334
23 35 -1010671.52
24 35 -62660.3524
25 35 -166530.991
26 35 -1946.87649
27 35 -4085.21564
28 35 -34470.0146
29 35 -3473024.38
30 35 -151134.677
31 35 392811.958
32 35 -4782.61739
33 35 23521.2206
34 35 117715.022
35 35 9095583.17
36 35 470326.327
37 35 -161429.098
38 35 2353.77589
39 35 -18898.2887
40 35 -32661.3262
41 35 -3226523.87
42 35 -162890.517
1 36 -659.604621
2 36 828.818181
3 36 -19.0827765
4 36 -21524.3541
5 36 -32221.6077
6 36 -15337.1822
7 36 -1287.38901
8 36 -60.2637744
9 36 -72.2524481
10 36 15429.5826
11 36 -54090.377
12 36 -27112.4976
13 36 -1799.40406
14 36 -268.805609
15 36 -66.9223522
16 36 25112.0753
17 36 -69125.6042
18 36 -41125.365
19 36 -1838.50414
20 36 -2324.571
21 36 -94.8652699
22 36 39582.6457
23 36 -67088.1071
24 36 -102098.877
25 36 2483.77398
26 36 10180.8682
27 36 910.555206
28 36 -67807.2691
29 36 -116145.388
30 36 -555463.486
31 36 10182.5528
32 36 -23414.4466
33 36 -587.994394
34 36 137849.156
35 36 470326.327
36 36 1162146.94
37 36 -6649.39547
38 36 15509.6311
39 36 -186.240629
40 36 -138756.766
41 36 -131587.645
42 36 -382710.792
1 37 11.036614
2 37 25.1921623
3 37 16.6719337
4 37 -921.173973
5 37 -2588.05762
6 37 -480.803833
7 37 -76.7456439
8 37 28.3818182
9 37 4.10347155
10 37 -1007.96712
11 37 -5870.88386
12 37 -471.608501
13 37 54.0638148
14 37 163.015502
15 37 -12.8302996
16 37 -3990.65494
17 37 -4590.88347
18 37 -1422.31758
19 37 -87.2825284
20 37 14.2257187
21 37 43.4696065
22 37 -398.848196
23 37 -9171.32392
24 37 -556.422729
25 37 -1288.89899
26 37 71.4489854
27 37 -283.725328
28 37 -1314.01076
29 37 -40019.9915
30 37 -3116.03542
31 37 -9294.00817
32 37 213.614495
33 37 -958.709104
34 37 -2119.77754
35 37 -161429.098
36 37 -6649.39547
37 37 10922.8097
38 37 -496.666151
39 37 1513.62749
40 37 4012.65476
41 37 194982.164
42 37 13063.1678
1 38 17.834922
2 38 -254.864663
3 38 -7.25642773
4 38 9928.27054
5 38 480.77133
6 38 1488.16643
7 38 15.2194043
8 38 -244.042374
9 38 -3.78989461
10 38 10061.8144
11 38 312.200161
12 38 1110.17323
13 38 116.32355
14 38 -892.67415
15 38 7.49101404
16 38 24856.8262
17 38 2482.81112
18 38 1408.87457
19 38 -49.9101285
20 38 -1790.15543
21 38 -25.3222273
22 38 39993.7943
23 38 -1453.4793
24 38 6165.09416
25 38 -59.3487673
26 38 -5257.00442
27 38 -116.573075
28 38 91376.7379
29 38 -1232.45252
30 38 894.619692
31 38 217.767256
32 38 -16442.9998
33 38 -299.579315
34 38 218760.546
35 38 2353.77589
36 38 15509.6311
37 38 -496.666151
38 38 25290.8461
39 38 544.006096
40 38 -285398.607
41 38 -4224.81533
42 38 -22925.8849
1 39 53.6276172
2 39 -6.37895042
3 39 11.1514272
4 39 401.141471
5 39 1421.26368
6 39 68.3937807
7 39 23.8194316
8 39 -6.5477455
9 39 4.63161563
10 39 414.154184
11 39 554.290065
12 39 30.7805422
13 39 -44.6468206
14 39 13.9468427
15 39 48.8385848
16 39 141.090216
17 39 -943.790854
18 39 -51.09785
19 39 123.450896
20 39 -27.2450901
21 39 68.2726494
22 39 919.569153
23 39 1930.51328
24 39 139.829722
25 39 -538.156318
26 39 -96.5861102
27 39 -35.5104005
28 39 2716.60412
29 39 -7939.99445
30 39 -210.045036
31 39 -1176.64545
32 39 -429.051252
33 39 -1630.83922
34 39 7739.32991
35 39 -18898.2887
36 39 -186.240629
37 39 1513.62749
38 39 544.006096
39 39 1940.98618
40 39 -10590.5116
41 39 18591.1642
42 39 224.608387
1 40 -207.374036
2 40 5217.13857
3 40 284.582736
4 40 -333810.214
5 40 -846.663322
6 40 -22621.7952
7 40 -97.9468155
8 40 6263.34687
9 40 234.434864
10 40 -396447.439
11 40 5553.74628
12 40 -14784.4682
13 40 -1019.99544
14 40 13483.4141
15 40 220.975943
16 40 -605064.405
17 40 -12823.7655
18 40 -14058.0694
19 40 831.024079
20 40 22409.676
21 40 590.960096
22 40 -807466.235
23 40 30982.7657
24 40 -50287.5246
25 40 1048.48075
26 40 60341.3387
27 40 2212.5026
28 40 -1608455.37
29 40 20727.3765
30 40 -5230.10037
31 40 -1330.72861
32 40 170161.262
33 40 5177.47667
34 40 -3322931.17
35 40 -32661.3262
36 40 -138756.766
37 40 4012.65476
38 40 -285398.607
39 40 -10590.5116
40 40 6048191.13
41 40 77596.6476
42 40 177512.856
1 41 -2655.37134
2 41 448.606111
3 41 36.4504845
4 41 -21454.6807
5 41 -261680.505
6 41 -24064.4227
7 41 -4596.80787
8 41 567.074858
9 41 -67.3710329
10 41 -28503.2153
11 41 -354122.202
12 41 -21670.3269
13 41 -4585.52554
14 41 1997.13928
15 41 -233.188668
16 41 -63702.3019
17 41 -411493.148
18 41 -36065.1796
19 41 -7703.08215
20 41 148.762932
21 41 299.820632
22 41 -21040.9388
23 41 -536194.078
24 41 -28027.4128
25 41 -32265.9365
26 41 948.226105
27 41 -2676.82151
28 41 -35792.2868
29 41 -1251181.53
30 41 -81492.3556
31 41 -137610.605
32 41 1481.35622
33 41 -12116.141
34 41 -33857.7469
35 41 -3226523.87
36 41 -131587.645
37 41 194982.164
38 41 -4224.81533
39 41 18591.1642
40 41 77596.6476
41 41 5626012.82
42 41 353903.027
1 42 -387.108491
2 42 1024.05098
3 42 9.73628764
4 42 -27754.6124
5 42 -26630.2271
6 42 -12160.3315
7 42 -419.31535
8 42 775.708634
9 42 -6.63390385
10 42 -14599.9206
11 42 -28000.3301
12 42 -11272.0243
13 42 -1325.37294
14 42 775.596862
15 42 -50.2239402
16 42 -12349.0509
17 42 -55745.1422
18 42 -33912.1468
19 42 -386.60008
20 42 5579.57998
21 42 88.8244634
22 42 -100203.24
23 42 -30173.8258
24 42 -51023.3639
25 42 -2831.36608
26 42 760.736074
27 42 -45.000765
28 42 -20102.9638
29 42 -92271.9543
30 42 -144932.329
31 42 -7003.15547
32 42 14598.5565
33 42 -185.408417
34 42 -190539.234
35 42 -162890.517
36 42 -382710.792
37 42 13063.1678
38 42 -22925.8849
39 42 224.608387
40 42 177512.856
41 42 353903.027
42 42 674485.147
